Frame Number: 21
Timecode: 0h 0m 0s 0f 0sf 0 None 0 0

Latency: 0s

Subjects (1):
  Subject #1
    Name: PhoneG
    Root Segment: root
    Segments (2):
      Segment #1
        Name: root
        Parent: 
     Children (1)
       endBone
        Static Translation: (0,0,0)
        Static Rotation Helical: (0,0,0)
        Static Rotation Matrix: (1,0,0,0,1,0,0,0,1)
        Static Rotation Quaternion: (0,0,0,1)
        Static Rotation EulerXYZ: (-0,0,-0)
        Global Translation: (-75.2988,49.0024,-925.508) 0
        Global Rotation Helical: (1.35833,0.956548,-0.961257) 0
        Global Rotation Matrix: (0.330316,0.943844,-0.00709753,0.00246263,-0.00838137,-0.999962,-0.943867,0.330286,-0.00509283) 0
        Global Rotation Quaternion: (0.57961,0.408165,-0.410175,0.573769) 0
        Global Rotation EulerXYZ: (1.57589,-0.00709759,-1.23415) 0
        Local Translation: (-75.2988,49.0024,-925.508) 0
        Local Rotation Helical: (1.35833,0.956548,-0.961257) 0
        Local Rotation Matrix: (0.330316,0.943844,-0.00709753,0.00246263,-0.00838137,-0.999962,-0.943867,0.330286,-0.00509283) 0
        Local Rotation Quaternion: (0.57961,0.408165,-0.410175,0.573769) 0
        Local Rotation EulerXYZ: (1.57589,-0.00709759,-1.23415) 0
      Segment #2
        Name: endBone
        Parent: root
     Children (0)
        Static Translation: (100,0,0)
        Static Rotation Helical: (0,0,0)
        Static Rotation Matrix: (1,0,0,0,1,0,0,0,1)
        Static Rotation Quaternion: (0,0,0,1)
        Static Rotation EulerXYZ: (-0,0,-0)
        Global Translation: (-42.2672,49.2487,-1019.9) 0
        Global Rotation Helical: (1.35833,0.956548,-0.961257) 0
        Global Rotation Matrix: (0.330316,0.943844,-0.00709753,0.00246263,-0.00838137,-0.999962,-0.943867,0.330286,-0.00509283) 0
        Global Rotation Quaternion: (0.57961,0.408165,-0.410175,0.573769) 0
        Global Rotation EulerXYZ: (1.57589,-0.00709759,-1.23415) 0
        Local Translation: (100,0,0) 0
        Local Rotation Helical: (0,0,0) 0
        Local Rotation Matrix: (1,0,0,0,1,0,0,0,1) 0
        Local Rotation Quaternion: (0,0,0,1) 0
        Local Rotation EulerXYZ: (-0,0,-0) 0
    Markers (5):
      Marker #1: M_1 (-75.2866,49.0147,-925.728) 0
      Marker #2: M_2 (7.76011,49.5418,-1163.08) 0
      Marker #3: M_3 (6.44889,49.1888,-1044.24) 0
      Marker #4: M_4 (4.62572,48.3097,-925.109) 0
      Marker #5: M_5 (164.476,47.5487,-923.465) 0
  Unlabeled Markers (0):
  Devices (0):
  Devices (0):
Waiting for new frame...
Frame Number: 51
Timecode: 0h 0m 0s 0f 0sf 0 None 0 0

Latency: 0s

Subjects (1):
  Subject #1
    Name: PhoneG
    Root Segment: root
    Segments (2):
      Segment #1
        Name: root
        Parent: 
     Children (1)
       endBone
        Static Translation: (0,0,0)
        Static Rotation Helical: (0,0,0)
        Static Rotation Matrix: (1,0,0,0,1,0,0,0,1)
        Static Rotation Quaternion: (0,0,0,1)
        Static Rotation EulerXYZ: (-0,0,-0)
        Global Translation: (-75.3017,48.9852,-925.507) 0
        Global Rotation Helical: (1.35822,0.956786,-0.961213) 0
        Global Rotation Matrix: (0.330184,0.943891,-0.00692238,0.00256465,-0.00823075,-0.999963,-0.943913,0.330154,-0.00513841) 0
        Global Rotation Quaternion: (0.579559,0.408266,-0.410155,0.573763) 0
        Global Rotation EulerXYZ: (1.57593,-0.00692244,-1.23429) 0
        Local Translation: (-75.3017,48.9852,-925.507) 0
        Local Rotation Helical: (1.35822,0.956786,-0.961213) 0
        Local Rotation Matrix: (0.330184,0.943891,-0.00692238,0.00256465,-0.00823075,-0.999963,-0.943913,0.330154,-0.00513841) 0
        Local Rotation Quaternion: (0.579559,0.408266,-0.410155,0.573763) 0
        Local Rotation EulerXYZ: (1.57593,-0.00692244,-1.23429) 0
      Segment #2
        Name: endBone
        Parent: root
     Children (0)
        Static Translation: (100,0,0)
        Static Rotation Helical: (0,0,0)
        Static Rotation Matrix: (1,0,0,0,1,0,0,0,1)
        Static Rotation Quaternion: (0,0,0,1)
        Static Rotation EulerXYZ: (-0,0,-0)
        Global Translation: (-42.2833,49.2416,-1019.9) 0
        Global Rotation Helical: (1.35822,0.956786,-0.961213) 0
        Global Rotation Matrix: (0.330184,0.943891,-0.00692238,0.00256465,-0.00823075,-0.999963,-0.943913,0.330154,-0.00513841) 0
        Global Rotation Quaternion: (0.579559,0.408266,-0.410155,0.573763) 0
        Global Rotation EulerXYZ: (1.57593,-0.00692244,-1.23429) 0
        Local Translation: (100,0,0) 0
        Local Rotation Helical: (0,0,0) 0
        Local Rotation Matrix: (1,0,0,0,1,0,0,0,1) 0
        Local Rotation Quaternion: (0,0,0,1) 0
        Local Rotation EulerXYZ: (-0,0,-0) 0
    Markers (5):
      Marker #1: M_1 (-75.2909,48.9894,-925.706) 0
      Marker #2: M_2 (7.75423,49.5473,-1163.11) 0
      Marker #3: M_3 (6.44291,49.1969,-1044.24) 0
      Marker #4: M_4 (4.59884,48.3157,-925.075) 0
      Marker #5: M_5 (164.455,47.5698,-923.542) 0
  Unlabeled Markers (0):
  Devices (0):
  Devices (0):
Waiting for new frame...
Frame Number: 59
Timecode: 0h 0m 0s 0f 0sf 0 None 0 0

Latency: 0s

Subjects (1):
  Subject #1
    Name: PhoneG
    Root Segment: root
    Segments (2):
      Segment #1
        Name: root
        Parent: 
     Children (1)
       endBone
        Static Translation: (0,0,0)
        Static Rotation Helical: (0,0,0)
        Static Rotation Matrix: (1,0,0,0,1,0,0,0,1)
        Static Rotation Quaternion: (0,0,0,1)
        Static Rotation EulerXYZ: (-0,0,-0)
        Global Translation: (-75.2927,48.9704,-925.507) 0
        Global Rotation Helical: (1.35826,0.956786,-0.961089) 0
        Global Rotation Matrix: (0.330264,0.943864,-0.00686932,0.00263432,-0.00819937,-0.999963,-0.943885,0.330234,-0.00519439) 0
        Global Rotation Quaternion: (0.579581,0.408268,-0.410104,0.573775) 0
        Global Rotation EulerXYZ: (1.57599,-0.00686937,-1.2342) 0
        Local Translation: (-75.2927,48.9704,-925.507) 0
        Local Rotation Helical: (1.35826,0.956786,-0.961089) 0
        Local Rotation Matrix: (0.330264,0.943864,-0.00686932,0.00263432,-0.00819937,-0.999963,-0.943885,0.330234,-0.00519439) 0
        Local Rotation Quaternion: (0.579581,0.408268,-0.410104,0.573775) 0
        Local Rotation EulerXYZ: (1.57599,-0.00686937,-1.2342) 0
      Segment #2
        Name: endBone
        Parent: root
     Children (0)
        Static Translation: (100,0,0)
        Static Rotation Helical: (0,0,0)
        Static Rotation Matrix: (1,0,0,0,1,0,0,0,1)
        Static Rotation Quaternion: (0,0,0,1)
        Static Rotation EulerXYZ: (-0,0,-0)
        Global Translation: (-42.2663,49.2338,-1019.9) 0
        Global Rotation Helical: (1.35826,0.956786,-0.961089) 0
        Global Rotation Matrix: (0.330264,0.943864,-0.00686932,0.00263432,-0.00819937,-0.999963,-0.943885,0.330234,-0.00519439) 0
        Global Rotation Quaternion: (0.579581,0.408268,-0.410104,0.573775) 0
        Global Rotation EulerXYZ: (1.57599,-0.00686937,-1.2342) 0
        Local Translation: (100,0,0) 0
        Local Rotation Helical: (0,0,0) 0
        Local Rotation Matrix: (1,0,0,0,1,0,0,0,1) 0
        Local Rotation Quaternion: (0,0,0,1) 0
        Local Rotation EulerXYZ: (-0,0,-0) 0
    Markers (5):
      Marker #1: M_1 (-75.2495,48.9515,-925.717) 0
      Marker #2: M_2 (7.78569,49.5343,-1163.09) 0
      Marker #3: M_3 (6.40572,49.2248,-1044.28) 0
      Marker #4: M_4 (4.60564,48.324,-925.063) 0
      Marker #5: M_5 (164.488,47.5556,-923.489) 0
  Unlabeled Markers (0):
  Devices (0):
  Devices (0):
Waiting for new frame...
Frame Number: 79
Timecode: 0h 0m 0s 0f 0sf 0 None 0 0

Latency: 0s

Subjects (1):
  Subject #1
    Name: PhoneG
    Root Segment: root
    Segments (2):
      Segment #1
        Name: root
        Parent: 
     Children (1)
       endBone
        Static Translation: (0,0,0)
        Static Rotation Helical: (0,0,0)
        Static Rotation Matrix: (1,0,0,0,1,0,0,0,1)
        Static Rotation Quaternion: (0,0,0,1)
        Static Rotation EulerXYZ: (-0,0,-0)
        Global Translation: (-75.2882,49.0254,-925.502) 0
        Global Rotation Helical: (1.35844,0.956654,-0.9614) 0
        Global Rotation Matrix: (0.330187,0.943888,-0.00720289,0.00253121,-0.00851624,-0.999961,-0.943912,0.330156,-0.00520113) 0
        Global Rotation Quaternion: (0.579634,0.408197,-0.410222,0.573688) 0
        Global Rotation EulerXYZ: (1.576,-0.00720295,-1.23429) 0
        Local Translation: (-75.2882,49.0254,-925.502) 0
        Local Rotation Helical: (1.35844,0.956654,-0.9614) 0
        Local Rotation Matrix: (0.330187,0.943888,-0.00720289,0.00253121,-0.00851624,-0.999961,-0.943912,0.330156,-0.00520113) 0
        Local Rotation Quaternion: (0.579634,0.408197,-0.410222,0.573688) 0
        Local Rotation EulerXYZ: (1.576,-0.00720295,-1.23429) 0
      Segment #2
        Name: endBone
        Parent: root
     Children (0)
        Static Translation: (100,0,0)
        Static Rotation Helical: (0,0,0)
        Static Rotation Matrix: (1,0,0,0,1,0,0,0,1)
        Static Rotation Quaternion: (0,0,0,1)
        Static Rotation EulerXYZ: (-0,0,-0)
        Global Translation: (-42.2695,49.2785,-1019.89) 0
        Global Rotation Helical: (1.35844,0.956654,-0.9614) 0
        Global Rotation Matrix: (0.330187,0.943888,-0.00720289,0.00253121,-0.00851624,-0.999961,-0.943912,0.330156,-0.00520113) 0
        Global Rotation Quaternion: (0.579634,0.408197,-0.410222,0.573688) 0
        Global Rotation EulerXYZ: (1.576,-0.00720295,-1.23429) 0
        Local Translation: (100,0,0) 0
        Local Rotation Helical: (0,0,0) 0
        Local Rotation Matrix: (1,0,0,0,1,0,0,0,1) 0
        Local Rotation Quaternion: (0,0,0,1) 0
        Local Rotation EulerXYZ: (-0,0,-0) 0
    Markers (5):
      Marker #1: M_1 (-75.2483,49.0248,-925.735) 0
      Marker #2: M_2 (7.74549,49.5788,-1163.08) 0
      Marker #3: M_3 (6.42707,49.2227,-1044.28) 0
      Marker #4: M_4 (4.633,48.3403,-925.064) 0
      Marker #5: M_5 (164.471,47.54,-923.497) 0
  Unlabeled Markers (0):
  Devices (0):
  Devices (0):
Waiting for new frame...
Frame Number: 83
Timecode: 0h 0m 0s 0f 0sf 0 None 0 0

Latency: 0s

Subjects (1):
  Subject #1
    Name: PhoneG
    Root Segment: root
    Segments (2):
      Segment #1
        Name: root
        Parent: 
     Children (1)
       endBone
        Static Translation: (0,0,0)
        Static Rotation Helical: (0,0,0)
        Static Rotation Matrix: (1,0,0,0,1,0,0,0,1)
        Static Rotation Quaternion: (0,0,0,1)
        Static Rotation EulerXYZ: (-0,0,-0)
        Global Translation: (-75.3068,49.0204,-925.501) 0
        Global Rotation Helical: (1.3582,0.956642,-0.961103) 0
        Global Rotation Matrix: (0.33033,0.94384,-0.0068993,0.00250745,-0.00818712,-0.999963,-0.943862,0.330301,-0.00507109) 0
        Global Rotation Quaternion: (0.579566,0.408214,-0.410118,0.573819) 0
        Global Rotation EulerXYZ: (1.57587,-0.00689936,-1.23413) 0
        Local Translation: (-75.3068,49.0204,-925.501) 0
        Local Rotation Helical: (1.3582,0.956642,-0.961103) 0
        Local Rotation Matrix: (0.33033,0.94384,-0.0068993,0.00250745,-0.00818712,-0.999963,-0.943862,0.330301,-0.00507109) 0
        Local Rotation Quaternion: (0.579566,0.408214,-0.410118,0.573819) 0
        Local Rotation EulerXYZ: (1.57587,-0.00689936,-1.23413) 0
      Segment #2
        Name: endBone
        Parent: root
     Children (0)
        Static Translation: (100,0,0)
        Static Rotation Helical: (0,0,0)
        Static Rotation Matrix: (1,0,0,0,1,0,0,0,1)
        Static Rotation Quaternion: (0,0,0,1)
        Static Rotation EulerXYZ: (-0,0,-0)
        Global Translation: (-42.2738,49.2711,-1019.89) 0
        Global Rotation Helical: (1.3582,0.956642,-0.961103) 0
        Global Rotation Matrix: (0.33033,0.94384,-0.0068993,0.00250745,-0.00818712,-0.999963,-0.943862,0.330301,-0.00507109) 0
        Global Rotation Quaternion: (0.579566,0.408214,-0.410118,0.573819) 0
        Global Rotation EulerXYZ: (1.57587,-0.00689936,-1.23413) 0
        Local Translation: (100,0,0) 0
        Local Rotation Helical: (0,0,0) 0
        Local Rotation Matrix: (1,0,0,0,1,0,0,0,1) 0
        Local Rotation Quaternion: (0,0,0,1) 0
        Local Rotation EulerXYZ: (-0,0,-0) 0
    Markers (5):
      Marker #1: M_1 (-75.2778,49.0143,-925.707) 0
      Marker #2: M_2 (7.77886,49.567,-1163.09) 0
      Marker #3: M_3 (6.43769,49.2283,-1044.25) 0
      Marker #4: M_4 (4.55978,48.3671,-925.05) 0
      Marker #5: M_5 (164.491,47.605,-923.477) 0
  Unlabeled Markers (0):
  Devices (0):
  Devices (0):
Waiting for new frame...
Frame Number: 91
Timecode: 0h 0m 0s 0f 0sf 0 None 0 0

Latency: 0s

Subjects (1):
  Subject #1
    Name: PhoneG
    Root Segment: root
    Segments (2):
      Segment #1
        Name: root
        Parent: 
     Children (1)
       endBone
        Static Translation: (0,0,0)
        Static Rotation Helical: (0,0,0)
        Static Rotation Matrix: (1,0,0,0,1,0,0,0,1)
        Static Rotation Quaternion: (0,0,0,1)
        Static Rotation EulerXYZ: (-0,0,-0)
        Global Translation: (-75.2773,48.9946,-925.501) 0
        Global Rotation Helical: (1.35831,0.956732,-0.961086) 0
        Global Rotation Matrix: (0.330305,0.943849,-0.00691261,0.00262697,-0.0082429,-0.999963,-0.943871,0.330274,-0.00520213) 0
        Global Rotation Quaternion: (0.579601,0.408245,-0.410102,0.573773) 0
        Global Rotation EulerXYZ: (1.576,-0.00691266,-1.23416) 0
        Local Translation: (-75.2773,48.9946,-925.501) 0
        Local Rotation Helical: (1.35831,0.956732,-0.961086) 0
        Local Rotation Matrix: (0.330305,0.943849,-0.00691261,0.00262697,-0.0082429,-0.999963,-0.943871,0.330274,-0.00520213) 0
        Local Rotation Quaternion: (0.579601,0.408245,-0.410102,0.573773) 0
        Local Rotation EulerXYZ: (1.576,-0.00691266,-1.23416) 0
      Segment #2
        Name: endBone
        Parent: root
     Children (0)
        Static Translation: (100,0,0)
        Static Rotation Helical: (0,0,0)
        Static Rotation Matrix: (1,0,0,0,1,0,0,0,1)
        Static Rotation Quaternion: (0,0,0,1)
        Static Rotation EulerXYZ: (-0,0,-0)
        Global Translation: (-42.2468,49.2573,-1019.89) 0
        Global Rotation Helical: (1.35831,0.956732,-0.961086) 0
        Global Rotation Matrix: (0.330305,0.943849,-0.00691261,0.00262697,-0.0082429,-0.999963,-0.943871,0.330274,-0.00520213) 0
        Global Rotation Quaternion: (0.579601,0.408245,-0.410102,0.573773) 0
        Global Rotation EulerXYZ: (1.576,-0.00691266,-1.23416) 0
        Local Translation: (100,0,0) 0
        Local Rotation Helical: (0,0,0) 0
        Local Rotation Matrix: (1,0,0,0,1,0,0,0,1) 0
        Local Rotation Quaternion: (0,0,0,1) 0
        Local Rotation EulerXYZ: (-0,0,-0) 0
    Markers (5):
      Marker #1: M_1 (-75.2499,48.9932,-925.736) 0
      Marker #2: M_2 (7.74838,49.5858,-1163.12) 0
      Marker #3: M_3 (6.47402,49.1888,-1044.25) 0
      Marker #4: M_4 (4.62997,48.3473,-925.056) 0
      Marker #5: M_5 (164.526,47.5778,-923.425) 0
  Unlabeled Markers (0):
  Devices (0):
  Devices (0):
Waiting for new frame...
Frame Number: 98
Timecode: 0h 0m 0s 0f 0sf 0 None 0 0

Latency: 0s

Subjects (1):
  Subject #1
    Name: PhoneG
    Root Segment: root
    Segments (2):
      Segment #1
        Name: root
        Parent: 
     Children (1)
       endBone
        Static Translation: (0,0,0)
        Static Rotation Helical: (0,0,0)
        Static Rotation Matrix: (1,0,0,0,1,0,0,0,1)
        Static Rotation Quaternion: (0,0,0,1)
        Static Rotation EulerXYZ: (-0,0,-0)
        Global Translation: (-75.311,49.0053,-925.517) 0
        Global Rotation Helical: (1.35842,0.956562,-0.961239) 0
        Global Rotation Matrix: (0.330333,0.943838,-0.00712747,0.00252421,-0.00843473,-0.999961,-0.943861,0.330302,-0.00516872) 0
        Global Rotation Quaternion: (0.579641,0.408167,-0.410163,0.573744) 0
        Global Rotation EulerXYZ: (1.57597,-0.00712753,-1.23413) 0
        Local Translation: (-75.311,49.0053,-925.517) 0
        Local Rotation Helical: (1.35842,0.956562,-0.961239) 0
        Local Rotation Matrix: (0.330333,0.943838,-0.00712747,0.00252421,-0.00843473,-0.999961,-0.943861,0.330302,-0.00516872) 0
        Local Rotation Quaternion: (0.579641,0.408167,-0.410163,0.573744) 0
        Local Rotation EulerXYZ: (1.57597,-0.00712753,-1.23413) 0
      Segment #2
        Name: endBone
        Parent: root
     Children (0)
        Static Translation: (100,0,0)
        Static Rotation Helical: (0,0,0)
        Static Rotation Matrix: (1,0,0,0,1,0,0,0,1)
        Static Rotation Quaternion: (0,0,0,1)
        Static Rotation EulerXYZ: (-0,0,-0)
        Global Translation: (-42.2778,49.2577,-1019.9) 0
        Global Rotation Helical: (1.35842,0.956562,-0.961239) 0
        Global Rotation Matrix: (0.330333,0.943838,-0.00712747,0.00252421,-0.00843473,-0.999961,-0.943861,0.330302,-0.00516872) 0
        Global Rotation Quaternion: (0.579641,0.408167,-0.410163,0.573744) 0
        Global Rotation EulerXYZ: (1.57597,-0.00712753,-1.23413) 0
        Local Translation: (100,0,0) 0
        Local Rotation Helical: (0,0,0) 0
        Local Rotation Matrix: (1,0,0,0,1,0,0,0,1) 0
        Local Rotation Quaternion: (0,0,0,1) 0
        Local Rotation EulerXYZ: (-0,0,-0) 0
    Markers (5):
      Marker #1: M_1 (-75.2871,48.9958,-925.715) 0
      Marker #2: M_2 (7.80105,49.5346,-1163.09) 0
      Marker #3: M_3 (6.41716,49.249,-1044.25) 0
      Marker #4: M_4 (4.60528,48.3173,-925.077) 0
      Marker #5: M_5 (164.433,47.5337,-923.516) 0
  Unlabeled Markers (0):
  Devices (0):
  Devices (0):
Waiting for new frame...
Frame Number: 106
Timecode: 0h 0m 0s 0f 0sf 0 None 0 0

Latency: 0s

Subjects (1):
  Subject #1
    Name: PhoneG
    Root Segment: root
    Segments (2):
      Segment #1
        Name: root
        Parent: 
     Children (1)
       endBone
        Static Translation: (0,0,0)
        Static Rotation Helical: (0,0,0)
        Static Rotation Matrix: (1,0,0,0,1,0,0,0,1)
        Static Rotation Quaternion: (0,0,0,1)
        Static Rotation EulerXYZ: (-0,0,-0)
        Global Translation: (-75.2983,49.0014,-925.539) 0
        Global Rotation Helical: (1.35863,0.956317,-0.961238) 0
        Global Rotation Matrix: (0.330509,0.943774,-0.00732525,0.00248035,-0.00862995,-0.99996,-0.9438,0.330478,-0.00519317) 0
        Global Rotation Quaternion: (0.579727,0.408061,-0.410161,0.573735) 0
        Global Rotation EulerXYZ: (1.57599,-0.00732531,-1.23394) 0
        Local Translation: (-75.2983,49.0014,-925.539) 0
        Local Rotation Helical: (1.35863,0.956317,-0.961238) 0
        Local Rotation Matrix: (0.330509,0.943774,-0.00732525,0.00248035,-0.00862995,-0.99996,-0.9438,0.330478,-0.00519317) 0
        Local Rotation Quaternion: (0.579727,0.408061,-0.410161,0.573735) 0
        Local Rotation EulerXYZ: (1.57599,-0.00732531,-1.23394) 0
      Segment #2
        Name: endBone
        Parent: root
     Children (0)
        Static Translation: (100,0,0)
        Static Rotation Helical: (0,0,0)
        Static Rotation Matrix: (1,0,0,0,1,0,0,0,1)
        Static Rotation Quaternion: (0,0,0,1)
        Static Rotation EulerXYZ: (-0,0,-0)
        Global Translation: (-42.2474,49.2494,-1019.92) 0
        Global Rotation Helical: (1.35863,0.956317,-0.961238) 0
        Global Rotation Matrix: (0.330509,0.943774,-0.00732525,0.00248035,-0.00862995,-0.99996,-0.9438,0.330478,-0.00519317) 0
        Global Rotation Quaternion: (0.579727,0.408061,-0.410161,0.573735) 0
        Global Rotation EulerXYZ: (1.57599,-0.00732531,-1.23394) 0
        Local Translation: (100,0,0) 0
        Local Rotation Helical: (0,0,0) 0
        Local Rotation Matrix: (1,0,0,0,1,0,0,0,1) 0
        Local Rotation Quaternion: (0,0,0,1) 0
        Local Rotation EulerXYZ: (-0,0,-0) 0
    Markers (5):
      Marker #1: M_1 (-75.2484,48.9969,-925.759) 0
      Marker #2: M_2 (7.82774,49.5494,-1163.09) 0
      Marker #3: M_3 (6.4689,49.1721,-1044.26) 0
      Marker #4: M_4 (4.59191,48.3197,-925.092) 0
      Marker #5: M_5 (164.458,47.4845,-923.471) 0
  Unlabeled Markers (0):
  Devices (0):
  Devices (0):
Waiting for new frame...
Frame Number: 113
Timecode: 0h 0m 0s 0f 0sf 0 None 0 0

Latency: 0s

Subjects (1):
  Subject #1
    Name: PhoneG
    Root Segment: root
    Segments (2):
      Segment #1
        Name: root
        Parent: 
     Children (1)
       endBone
        Static Translation: (0,0,0)
        Static Rotation Helical: (0,0,0)
        Static Rotation Matrix: (1,0,0,0,1,0,0,0,1)
        Static Rotation Quaternion: (0,0,0,1)
        Static Rotation EulerXYZ: (-0,0,-0)
        Global Translation: (-75.2803,48.9876,-925.511) 0
        Global Rotation Helical: (1.35848,0.956771,-0.961211) 0
        Global Rotation Matrix: (0.330236,0.943872,-0.00706527,0.00269595,-0.00842837,-0.999961,-0.943894,0.330205,-0.00532799) 0
        Global Rotation Quaternion: (0.579654,0.408247,-0.410141,0.57369) 0
        Global Rotation EulerXYZ: (1.57612,-0.00706533,-1.23423) 0
        Local Translation: (-75.2803,48.9876,-925.511) 0
        Local Rotation Helical: (1.35848,0.956771,-0.961211) 0
        Local Rotation Matrix: (0.330236,0.943872,-0.00706527,0.00269595,-0.00842837,-0.999961,-0.943894,0.330205,-0.00532799) 0
        Local Rotation Quaternion: (0.579654,0.408247,-0.410141,0.57369) 0
        Local Rotation EulerXYZ: (1.57612,-0.00706533,-1.23423) 0
      Segment #2
        Name: endBone
        Parent: root
     Children (0)
        Static Translation: (100,0,0)
        Static Rotation Helical: (0,0,0)
        Static Rotation Matrix: (1,0,0,0,1,0,0,0,1)
        Static Rotation Quaternion: (0,0,0,1)
        Static Rotation EulerXYZ: (-0,0,-0)
        Global Translation: (-42.2567,49.2572,-1019.9) 0
        Global Rotation Helical: (1.35848,0.956771,-0.961211) 0
        Global Rotation Matrix: (0.330236,0.943872,-0.00706527,0.00269595,-0.00842837,-0.999961,-0.943894,0.330205,-0.00532799) 0
        Global Rotation Quaternion: (0.579654,0.408247,-0.410141,0.57369) 0
        Global Rotation EulerXYZ: (1.57612,-0.00706533,-1.23423) 0
        Local Translation: (100,0,0) 0
        Local Rotation Helical: (0,0,0) 0
        Local Rotation Matrix: (1,0,0,0,1,0,0,0,1) 0
        Local Rotation Quaternion: (0,0,0,1) 0
        Local Rotation EulerXYZ: (-0,0,-0) 0
    Markers (5):
      Marker #1: M_1 (-75.2535,48.9853,-925.719) 0
      Marker #2: M_2 (7.77978,49.5666,-1163.07) 0
      Marker #3: M_3 (6.44658,49.2425,-1044.27) 0
      Marker #4: M_4 (4.64489,48.3003,-925.094) 0
      Marker #5: M_5 (164.469,47.5341,-923.506) 0
  Unlabeled Markers (0):
  Devices (0):
  Devices (0):
Waiting for new frame...
Frame Number: 121
Timecode: 0h 0m 0s 0f 0sf 0 None 0 0

Latency: 0s

Subjects (1):
  Subject #1
    Name: PhoneG
    Root Segment: root
    Segments (2):
      Segment #1
        Name: root
        Parent: 
     Children (1)
       endBone
        Static Translation: (0,0,0)
        Static Rotation Helical: (0,0,0)
        Static Rotation Matrix: (1,0,0,0,1,0,0,0,1)
        Static Rotation Quaternion: (0,0,0,1)
        Static Rotation EulerXYZ: (-0,0,-0)
        Global Translation: (-75.2931,49.0024,-925.511) 0
        Global Rotation Helical: (1.35849,0.956516,-0.961176) 0
        Global Rotation Matrix: (0.330406,0.943812,-0.00713985,0.00255323,-0.00845844,-0.999961,-0.943835,0.330375,-0.0052045) 0
        Global Rotation Quaternion: (0.57967,0.408148,-0.410136,0.573747) 0
        Global Rotation EulerXYZ: (1.576,-0.00713991,-1.23405) 0
        Local Translation: (-75.2931,49.0024,-925.511) 0
        Local Rotation Helical: (1.35849,0.956516,-0.961176) 0
        Local Rotation Matrix: (0.330406,0.943812,-0.00713985,0.00255323,-0.00845844,-0.999961,-0.943835,0.330375,-0.0052045) 0
        Local Rotation Quaternion: (0.57967,0.408148,-0.410136,0.573747) 0
        Local Rotation EulerXYZ: (1.576,-0.00713991,-1.23405) 0
      Segment #2
        Name: endBone
        Parent: root
     Children (0)
        Static Translation: (100,0,0)
        Static Rotation Helical: (0,0,0)
        Static Rotation Matrix: (1,0,0,0,1,0,0,0,1)
        Static Rotation Quaternion: (0,0,0,1)
        Static Rotation EulerXYZ: (-0,0,-0)
        Global Translation: (-42.2524,49.2577,-1019.89) 0
        Global Rotation Helical: (1.35849,0.956516,-0.961176) 0
        Global Rotation Matrix: (0.330406,0.943812,-0.00713985,0.00255323,-0.00845844,-0.999961,-0.943835,0.330375,-0.0052045) 0
        Global Rotation Quaternion: (0.57967,0.408148,-0.410136,0.573747) 0
        Global Rotation EulerXYZ: (1.576,-0.00713991,-1.23405) 0
        Local Translation: (100,0,0) 0
        Local Rotation Helical: (0,0,0) 0
        Local Rotation Matrix: (1,0,0,0,1,0,0,0,1) 0
        Local Rotation Quaternion: (0,0,0,1) 0
        Local Rotation EulerXYZ: (-0,0,-0) 0
    Markers (5):
      Marker #1: M_1 (-75.276,49.0061,-925.73) 0
      Marker #2: M_2 (7.80729,49.5659,-1163.1) 0
      Marker #3: M_3 (6.47083,49.1959,-1044.24) 0
      Marker #4: M_4 (4.62185,48.3203,-925.032) 0
      Marker #5: M_5 (164.463,47.5341,-923.476) 0
  Unlabeled Markers (0):
  Devices (0):
  Devices (0):
Waiting for new frame...
Frame Number: 125
Timecode: 0h 0m 0s 0f 0sf 0 None 0 0

Latency: 0s

Subjects (1):
  Subject #1
    Name: PhoneG
    Root Segment: root
    Segments (2):
      Segment #1
        Name: root
        Parent: 
     Children (1)
       endBone
        Static Translation: (0,0,0)
        Static Rotation Helical: (0,0,0)
        Static Rotation Matrix: (1,0,0,0,1,0,0,0,1)
        Static Rotation Quaternion: (0,0,0,1)
        Static Rotation EulerXYZ: (-0,0,-0)
        Global Translation: (-75.3052,48.9919,-925.513) 0
        Global Rotation Helical: (1.35831,0.956657,-0.961289) 0
        Global Rotation Matrix: (0.33023,0.943874,-0.00706714,0.00250853,-0.00836475,-0.999962,-0.943897,0.3302,-0.00513003) 0
        Global Rotation Quaternion: (0.579596,0.408208,-0.410184,0.573746) 0
        Global Rotation EulerXYZ: (1.57593,-0.0070672,-1.23424) 0
        Local Translation: (-75.3052,48.9919,-925.513) 0
        Local Rotation Helical: (1.35831,0.956657,-0.961289) 0
        Local Rotation Matrix: (0.33023,0.943874,-0.00706714,0.00250853,-0.00836475,-0.999962,-0.943897,0.3302,-0.00513003) 0
        Local Rotation Quaternion: (0.579596,0.408208,-0.410184,0.573746) 0
        Local Rotation EulerXYZ: (1.57593,-0.0070672,-1.23424) 0
      Segment #2
        Name: endBone
        Parent: root
     Children (0)
        Static Translation: (100,0,0)
        Static Rotation Helical: (0,0,0)
        Static Rotation Matrix: (1,0,0,0,1,0,0,0,1)
        Static Rotation Quaternion: (0,0,0,1)
        Static Rotation EulerXYZ: (-0,0,-0)
        Global Translation: (-42.2822,49.2428,-1019.9) 0
        Global Rotation Helical: (1.35831,0.956657,-0.961289) 0
        Global Rotation Matrix: (0.33023,0.943874,-0.00706714,0.00250853,-0.00836475,-0.999962,-0.943897,0.3302,-0.00513003) 0
        Global Rotation Quaternion: (0.579596,0.408208,-0.410184,0.573746) 0
        Global Rotation EulerXYZ: (1.57593,-0.0070672,-1.23424) 0
        Local Translation: (100,0,0) 0
        Local Rotation Helical: (0,0,0) 0
        Local Rotation Matrix: (1,0,0,0,1,0,0,0,1) 0
        Local Rotation Quaternion: (0,0,0,1) 0
        Local Rotation EulerXYZ: (-0,0,-0) 0
    Markers (5):
      Marker #1: M_1 (-75.283,48.9952,-925.721) 0
      Marker #2: M_2 (7.7402,49.5436,-1163.14) 0
      Marker #3: M_3 (6.43572,49.184,-1044.24) 0
      Marker #4: M_4 (4.57062,48.3157,-925.082) 0
      Marker #5: M_5 (164.497,47.5409,-923.499) 0
  Unlabeled Markers (0):
  Devices (0):
  Devices (0):
Waiting for new frame...
Frame Number: 133
Timecode: 0h 0m 0s 0f 0sf 0 None 0 0

Latency: 0s

Subjects (1):
  Subject #1
    Name: PhoneG
    Root Segment: root
    Segments (2):
      Segment #1
        Name: root
        Parent: 
     Children (1)
       endBone
        Static Translation: (0,0,0)
        Static Rotation Helical: (0,0,0)
        Static Rotation Matrix: (1,0,0,0,1,0,0,0,1)
        Static Rotation Quaternion: (0,0,0,1)
        Static Rotation EulerXYZ: (-0,0,-0)
        Global Translation: (-75.2881,48.9697,-925.495) 0
        Global Rotation Helical: (1.35835,0.956841,-0.960944) 0
        Global Rotation Matrix: (0.33033,0.943841,-0.00680309,0.00276438,-0.0081751,-0.999963,-0.943861,0.330299,-0.00530962) 0
        Global Rotation Quaternion: (0.579615,0.40829,-0.410041,0.573769) 0
        Global Rotation EulerXYZ: (1.57611,-0.00680314,-1.23413) 0
        Local Translation: (-75.2881,48.9697,-925.495) 0
        Local Rotation Helical: (1.35835,0.956841,-0.960944) 0
        Local Rotation Matrix: (0.33033,0.943841,-0.00680309,0.00276438,-0.0081751,-0.999963,-0.943861,0.330299,-0.00530962) 0
        Local Rotation Quaternion: (0.579615,0.40829,-0.410041,0.573769) 0
        Local Rotation EulerXYZ: (1.57611,-0.00680314,-1.23413) 0
      Segment #2
        Name: endBone
        Parent: root
     Children (0)
        Static Translation: (100,0,0)
        Static Rotation Helical: (0,0,0)
        Static Rotation Matrix: (1,0,0,0,1,0,0,0,1)
        Static Rotation Quaternion: (0,0,0,1)
        Static Rotation EulerXYZ: (-0,0,-0)
        Global Translation: (-42.2551,49.2461,-1019.88) 0
        Global Rotation Helical: (1.35835,0.956841,-0.960944) 0
        Global Rotation Matrix: (0.33033,0.943841,-0.00680309,0.00276438,-0.0081751,-0.999963,-0.943861,0.330299,-0.00530962) 0
        Global Rotation Quaternion: (0.579615,0.40829,-0.410041,0.573769) 0
        Global Rotation EulerXYZ: (1.57611,-0.00680314,-1.23413) 0
        Local Translation: (100,0,0) 0
        Local Rotation Helical: (0,0,0) 0
        Local Rotation Matrix: (1,0,0,0,1,0,0,0,1) 0
        Local Rotation Quaternion: (0,0,0,1) 0
        Local Rotation EulerXYZ: (-0,0,-0) 0
    Markers (5):
      Marker #1: M_1 (-75.2622,48.9724,-925.7) 0
      Marker #2: M_2 (7.80291,49.5787,-1163.06) 0
      Marker #3: M_3 (6.41955,49.2185,-1044.25) 0
      Marker #4: M_4 (4.63396,48.3084,-925.076) 0
      Marker #5: M_5 (164.49,47.5813,-923.452) 0
  Unlabeled Markers (0):
  Devices (0):
  Devices (0):
Waiting for new frame...
Frame Number: 141
Timecode: 0h 0m 0s 0f 0sf 0 None 0 0

Latency: 0s

Subjects (1):
  Subject #1
    Name: PhoneG
    Root Segment: root
    Segments (2):
      Segment #1
        Name: root
        Parent: 
     Children (1)
       endBone
        Static Translation: (0,0,0)
        Static Rotation Helical: (0,0,0)
        Static Rotation Matrix: (1,0,0,0,1,0,0,0,1)
        Static Rotation Quaternion: (0,0,0,1)
        Static Rotation EulerXYZ: (-0,0,-0)
        Global Translation: (-75.2283,48.7426,-925.431) 0
        Global Rotation Helical: (1.35803,0.958185,-0.960329) 0
        Global Rotation Matrix: (0.329855,0.944014,-0.00576511,0.00365485,-0.00738388,-0.999966,-0.944025,0.329823,-0.00588583) 0
        Global Rotation Quaternion: (0.579466,0.408854,-0.409769,0.573713) 0
        Global Rotation EulerXYZ: (1.57668,-0.00576514,-1.23464) 0
        Local Translation: (-75.2283,48.7426,-925.431) 0
        Local Rotation Helical: (1.35803,0.958185,-0.960329) 0
        Local Rotation Matrix: (0.329855,0.944014,-0.00576511,0.00365485,-0.00738388,-0.999966,-0.944025,0.329823,-0.00588583) 0
        Local Rotation Quaternion: (0.579466,0.408854,-0.409769,0.573713) 0
        Local Rotation EulerXYZ: (1.57668,-0.00576514,-1.23464) 0
      Segment #2
        Name: endBone
        Parent: root
     Children (0)
        Static Translation: (100,0,0)
        Static Rotation Helical: (0,0,0)
        Static Rotation Matrix: (1,0,0,0,1,0,0,0,1)
        Static Rotation Quaternion: (0,0,0,1)
        Static Rotation EulerXYZ: (-0,0,-0)
        Global Translation: (-42.2428,49.1081,-1019.83) 0
        Global Rotation Helical: (1.35803,0.958185,-0.960329) 0
        Global Rotation Matrix: (0.329855,0.944014,-0.00576511,0.00365485,-0.00738388,-0.999966,-0.944025,0.329823,-0.00588583) 0
        Global Rotation Quaternion: (0.579466,0.408854,-0.409769,0.573713) 0
        Global Rotation EulerXYZ: (1.57668,-0.00576514,-1.23464) 0
        Local Translation: (100,0,0) 0
        Local Rotation Helical: (0,0,0) 0
        Local Rotation Matrix: (1,0,0,0,1,0,0,0,1) 0
        Local Rotation Quaternion: (0,0,0,1) 0
        Local Rotation EulerXYZ: (-0,0,-0) 0
    Markers (5):
      Marker #1: M_1 (-75.1656,48.6229,-925.487) 0
      Marker #2: M_2 (7.80278,49.5514,-1163.1) 0
      Marker #3: M_3 (6.43545,49.1937,-1044.28) 0
      Marker #4: M_4 (4.61393,48.3234,-925.062) 0
      Marker #5: M_5 (164.52,47.5419,-923.533) 0
  Unlabeled Markers (0):
  Devices (0):
  Devices (0):
Waiting for new frame...
Frame Number: 145
Timecode: 0h 0m 0s 0f 0sf 0 None 0 0

Latency: 0s

Subjects (1):
  Subject #1
    Name: PhoneG
    Root Segment: root
    Segments (2):
      Segment #1
        Name: root
        Parent: 
     Children (1)
       endBone
        Static Translation: (0,0,0)
        Static Rotation Helical: (0,0,0)
        Static Rotation Matrix: (1,0,0,0,1,0,0,0,1)
        Static Rotation Quaternion: (0,0,0,1)
        Static Rotation EulerXYZ: (-0,0,-0)
        Global Translation: (-75.3031,49.0264,-925.517) 0
        Global Rotation Helical: (1.3583,0.95652,-0.961215) 0
        Global Rotation Matrix: (0.330351,0.943832,-0.00706322,0.00244161,-0.00833787,-0.999962,-0.943855,0.330322,-0.00505889) 0
        Global Rotation Quaternion: (0.579601,0.408157,-0.410161,0.573793) 0
        Global Rotation EulerXYZ: (1.57586,-0.00706328,-1.23411) 0
        Local Translation: (-75.3031,49.0264,-925.517) 0
        Local Rotation Helical: (1.3583,0.95652,-0.961215) 0
        Local Rotation Matrix: (0.330351,0.943832,-0.00706322,0.00244161,-0.00833787,-0.999962,-0.943855,0.330322,-0.00505889) 0
        Local Rotation Quaternion: (0.579601,0.408157,-0.410161,0.573793) 0
        Local Rotation EulerXYZ: (1.57586,-0.00706328,-1.23411) 0
      Segment #2
        Name: endBone
        Parent: root
     Children (0)
        Static Translation: (100,0,0)
        Static Rotation Helical: (0,0,0)
        Static Rotation Matrix: (1,0,0,0,1,0,0,0,1)
        Static Rotation Quaternion: (0,0,0,1)
        Static Rotation EulerXYZ: (-0,0,-0)
        Global Translation: (-42.2679,49.2705,-1019.9) 0
        Global Rotation Helical: (1.3583,0.95652,-0.961215) 0
        Global Rotation Matrix: (0.330351,0.943832,-0.00706322,0.00244161,-0.00833787,-0.999962,-0.943855,0.330322,-0.00505889) 0
        Global Rotation Quaternion: (0.579601,0.408157,-0.410161,0.573793) 0
        Global Rotation EulerXYZ: (1.57586,-0.00706328,-1.23411) 0
        Local Translation: (100,0,0) 0
        Local Rotation Helical: (0,0,0) 0
        Local Rotation Matrix: (1,0,0,0,1,0,0,0,1) 0
        Local Rotation Quaternion: (0,0,0,1) 0
        Local Rotation EulerXYZ: (-0,0,-0) 0
    Markers (5):
      Marker #1: M_1 (-75.2947,49.0141,-925.726) 0
      Marker #2: M_2 (7.79174,49.5551,-1163.11) 0
      Marker #3: M_3 (6.42205,49.2223,-1044.26) 0
      Marker #4: M_4 (4.63488,48.3677,-925.053) 0
      Marker #5: M_5 (164.462,47.5687,-923.478) 0
  Unlabeled Markers (0):
  Devices (0):
  Devices (0):
Waiting for new frame...
Frame Number: 152
Timecode: 0h 0m 0s 0f 0sf 0 None 0 0

Latency: 0s

Subjects (1):
  Subject #1
    Name: PhoneG
    Root Segment: root
    Segments (2):
      Segment #1
        Name: root
        Parent: 
     Children (1)
       endBone
        Static Translation: (0,0,0)
        Static Rotation Helical: (0,0,0)
        Static Rotation Matrix: (1,0,0,0,1,0,0,0,1)
        Static Rotation Quaternion: (0,0,0,1)
        Static Rotation EulerXYZ: (-0,0,-0)
        Global Translation: (-75.3032,48.9653,-925.516) 0
        Global Rotation Helical: (1.35851,0.95721,-0.961213) 0
        Global Rotation Matrix: (0.329985,0.943961,-0.00692525,0.00298532,-0.00837968,-0.99996,-0.943981,0.329951,-0.00558319) 0
        Global Rotation Quaternion: (0.579644,0.408417,-0.410125,0.57359) 0
        Global Rotation EulerXYZ: (1.57638,-0.00692531,-1.2345) 0
        Local Translation: (-75.3032,48.9653,-925.516) 0
        Local Rotation Helical: (1.35851,0.95721,-0.961213) 0
        Local Rotation Matrix: (0.329985,0.943961,-0.00692525,0.00298532,-0.00837968,-0.99996,-0.943981,0.329951,-0.00558319) 0
        Local Rotation Quaternion: (0.579644,0.408417,-0.410125,0.57359) 0
        Local Rotation EulerXYZ: (1.57638,-0.00692531,-1.2345) 0
      Segment #2
        Name: endBone
        Parent: root
     Children (0)
        Static Translation: (100,0,0)
        Static Rotation Helical: (0,0,0)
        Static Rotation Matrix: (1,0,0,0,1,0,0,0,1)
        Static Rotation Quaternion: (0,0,0,1)
        Static Rotation EulerXYZ: (-0,0,-0)
        Global Translation: (-42.3047,49.2638,-1019.91) 0
        Global Rotation Helical: (1.35851,0.95721,-0.961213) 0
        Global Rotation Matrix: (0.329985,0.943961,-0.00692525,0.00298532,-0.00837968,-0.99996,-0.943981,0.329951,-0.00558319) 0
        Global Rotation Quaternion: (0.579644,0.408417,-0.410125,0.57359) 0
        Global Rotation EulerXYZ: (1.57638,-0.00692531,-1.2345) 0
        Local Translation: (100,0,0) 0
        Local Rotation Helical: (0,0,0) 0
        Local Rotation Matrix: (1,0,0,0,1,0,0,0,1) 0
        Local Rotation Quaternion: (0,0,0,1) 0
        Local Rotation EulerXYZ: (-0,0,-0) 0
    Markers (5):
      Marker #1: M_1 (-75.2465,48.9747,-925.731) 0
      Marker #2: M_2 (7.61267,49.6358,-1163.3) 0
      Marker #3: M_3 (6.43666,49.2275,-1044.24) 0
      Marker #4: M_4 (4.61554,48.2883,-925.065) 0
      Marker #5: M_5 (164.46,47.5506,-923.487) 0
  Unlabeled Markers (0):
  Devices (0):
  Devices (0):
Waiting for new frame...
Frame Number: 160
Timecode: 0h 0m 0s 0f 0sf 0 None 0 0

Latency: 0s

Subjects (1):
  Subject #1
    Name: PhoneG
    Root Segment: root
    Segments (2):
      Segment #1
        Name: root
        Parent: 
     Children (1)
       endBone
        Static Translation: (0,0,0)
        Static Rotation Helical: (0,0,0)
        Static Rotation Matrix: (1,0,0,0,1,0,0,0,1)
        Static Rotation Quaternion: (0,0,0,1)
        Static Rotation EulerXYZ: (-0,0,-0)
        Global Translation: (-75.3107,48.9901,-925.508) 0
        Global Rotation Helical: (1.35843,0.957055,-0.961168) 0
        Global Rotation Matrix: (0.330089,0.943925,-0.00691096,0.00286324,-0.0083225,-0.999961,-0.943946,0.330056,-0.00544985) 0
        Global Rotation Quaternion: (0.579625,0.408362,-0.410117,0.573654) 0
        Global Rotation EulerXYZ: (1.57625,-0.00691102,-1.23439) 0
        Local Translation: (-75.3107,48.9901,-925.508) 0
        Local Rotation Helical: (1.35843,0.957055,-0.961168) 0
        Local Rotation Matrix: (0.330089,0.943925,-0.00691096,0.00286324,-0.0083225,-0.999961,-0.943946,0.330056,-0.00544985) 0
        Local Rotation Quaternion: (0.579625,0.408362,-0.410117,0.573654) 0
        Local Rotation EulerXYZ: (1.57625,-0.00691102,-1.23439) 0
      Segment #2
        Name: endBone
        Parent: root
     Children (0)
        Static Translation: (100,0,0)
        Static Rotation Helical: (0,0,0)
        Static Rotation Matrix: (1,0,0,0,1,0,0,0,1)
        Static Rotation Quaternion: (0,0,0,1)
        Static Rotation EulerXYZ: (-0,0,-0)
        Global Translation: (-42.3018,49.2765,-1019.9) 0
        Global Rotation Helical: (1.35843,0.957055,-0.961168) 0
        Global Rotation Matrix: (0.330089,0.943925,-0.00691096,0.00286324,-0.0083225,-0.999961,-0.943946,0.330056,-0.00544985) 0
        Global Rotation Quaternion: (0.579625,0.408362,-0.410117,0.573654) 0
        Global Rotation EulerXYZ: (1.57625,-0.00691102,-1.23439) 0
        Local Translation: (100,0,0) 0
        Local Rotation Helical: (0,0,0) 0
        Local Rotation Matrix: (1,0,0,0,1,0,0,0,1) 0
        Local Rotation Quaternion: (0,0,0,1) 0
        Local Rotation EulerXYZ: (-0,0,-0) 0
    Markers (5):
      Marker #1: M_1 (-75.2799,49.0136,-925.714) 0
      Marker #2: M_2 (7.6189,49.6484,-1163.28) 0
      Marker #3: M_3 (6.48137,49.2002,-1044.18) 0
      Marker #4: M_4 (4.60017,48.312,-925.088) 0
